+0.0
+0.0
+0.0
+0.0
+0.0
+0.0
+0.0
+0.0
+0.0
+0.0
+0.0
+0.0
+0.0
+0.0
+0.0
+0.0
+0.0
+0.0
+0.0
+0.0
+0.0
+0.0
+0.0
+0.0
-0.008514404296875
-0.001007080078125
-0.015350341796875
-0.000396728515625
-0.019866943359375
-0.006500244140625
-0.02099609375
+0.028350830078125
+0.02935791015625
-0.11474609375
-0.020599365234375
+0.029052734375
-0.13287353515625
-0.070343017578125
-0.01629638671875
+0.07452392578125
+0.02313232421875
-0.250457763671875
+0.089202880859375
+0.0338134765625
-0.2523193359375
+0.048065185546875
+0.075408935546875
-0.0313720703125
-0.0947265625
+0.052490234375
+0.072784423828125
+0.016876220703125
-0.024322509765625
+0.067108154296875
+0.02386474609375
-0.07415771484375
+0.00201416015625
+0.08905029296875
+0.01434326171875
-0.0045166015625
-0.08135986328125
+0.03631591796875
+0.01214599609375
-0.00830078125
-0.03094482421875
+0.019287109375
+0.013336181640625
+0.029510498046875
-0.008087158203125
+0.007171630859375
+0.023101806640625
-0.009765625
-0.018310546875
+0.022491455078125
+0.014434814453125
-0.020721435546875
-0.0125732421875
+0.014892578125
+0.0118408203125
+0.00091552734375
-0.0074462890625
+0.014373779296875
+0.0008544921875
+0.004791259765625
-0.004119873046875
+0.01055908203125
+0.004364013671875
+0.008331298828125
-0.008819580078125
+0.00421142578125
+0.0045166015625
+0.012664794921875
+0.004547119140625
+0.005035400390625
-0.004608154296875
+0.00665283203125
-0.003631591796875
+0.00482177734375
-0.009521484375
+0.00372314453125
-0.004669189453125
+0.015289306640625
+0.009124755859375
+0.00335693359375
-0.005615234375
+0.000030517578125
+0.002716064453125
-0.000518798828125
-0.000640869140625
+0.00067138671875
+0.004547119140625
+0.0052490234375
+0.009613037109375
+0.00799560546875
+0.011962890625
+0.008026123046875
+0.00799560546875
+0.00079345703125
+0.00531005859375
+0.00286865234375
+0.0074462890625
-0.001708984375
-0.0008544921875
-0.0030517578125
-0.000762939453125
-0.00067138671875
+0.0015869140625
-0.00103759765625
-0.00006103515625
-0.0020751953125
+0.00604248046875
+0.000457763671875
+0.00604248046875
-0.00054931640625
+0.0059814453125
+0.000396728515625
+0.0025634765625
+0.002716064453125
+0.003662109375
+0.002349853515625
+0.000152587890625
+0.00274658203125
+0.002105712890625
+0.000274658203125
+0.00238037109375
+0.000640869140625
+0.0032958984375
-0.002960205078125
+0.004608154296875
-0.00164794921875
