+0.0
+0.0
+0.0
+0.0
+0.0
+0.0
+0.0
+0.0
+0.0
+0.0
-0.00494384765625
+0.002593994140625
-0.004241943359375
+0.00250244140625
-0.003265380859375
+0.0009765625
-0.00225830078125
+0.0
-0.001220703125
-0.001495361328125
-0.000518798828125
-0.001678466796875
+0.000030517578125
-0.002410888671875
+0.00042724609375
-0.00286865234375
+0.00164794921875
-0.004425048828125
+0.004791259765625
-0.00830078125
+0.009307861328125
-0.022125244140625
-0.003936767578125
-0.047332763671875
+0.01129150390625
-0.056640625
+0.03466796875
-0.084075927734375
+0.23382568359375
-0.075897216796875
-0.179779052734375
-0.14007568359375
-0.14422607421875
+0.100250244140625
-0.1060791015625
+0.095947265625
+0.04266357421875
-0.046234130859375
-0.088165283203125
-0.01947021484375
+0.11175537109375
+0.089599609375
-0.057891845703125
-0.03582763671875
+0.021087646484375
+0.04022216796875
+0.007293701171875
-0.01153564453125
-0.0069580078125
+0.01202392578125
+0.01556396484375
+0.04888916015625
+0.0169677734375
-0.032562255859375
-0.01849365234375
+0.02734375
+0.02947998046875
+0.010894775390625
-0.021881103515625
-0.0067138671875
+0.010986328125
+0.0150146484375
-0.008148193359375
-0.00506591796875
+0.002899169921875
+0.021270751953125
+0.011810302734375
-0.001953125
+0.002105712890625
+0.009002685546875
+0.0025634765625
-0.000701904296875
+0.002685546875
-0.00164794921875
-0.0008544921875
-0.005615234375
+0.006683349609375
-0.004425048828125
+0.001220703125
-0.00054931640625
+0.008209228515625
+0.00390625
+0.006134033203125
+0.00140380859375
+0.00482177734375
+0.005462646484375
+0.001617431640625
+0.00189208984375
+0.000213623046875
+0.002044677734375
-0.00054931640625
+0.00067138671875
-0.000579833984375
+0.002197265625
-0.000640869140625
+0.0008544921875
-0.00079345703125
+0.0020751953125
-0.00152587890625
+0.0013427734375
-0.001251220703125
+0.001983642578125
-0.000823974609375
+0.002166748046875
-0.000579833984375
+0.002899169921875
-0.0008544921875
+0.00311279296875
+0.000335693359375
+0.00286865234375
+0.00067138671875
+0.00238037109375
+0.0015869140625
+0.000885009765625
+0.0
+0.001129150390625
+0.00274658203125
+0.000885009765625
+0.000274658203125
-0.000030517578125
+0.0008544921875
-0.0003662109375
+0.000030517578125
+0.00103759765625
+0.0001220703125
+0.0008544921875
-0.000152587890625
+0.002410888671875
-0.000213623046875
+0.00262451171875
+0.000335693359375
+0.003082275390625
-0.00042724609375
+0.002044677734375
-0.000244140625
+0.002716064453125
-0.0008544921875
+0.002105712890625
-0.000732421875
+0.0028076171875
-0.000762939453125
+0.003082275390625
+0.000732421875
+0.003204345703125
+0.001373291015625
+0.00177001953125
+0.002471923828125
+0.0
+0.001678466796875
-0.00146484375
+0.0
+0.0
+0.0
+0.0
+0.0
+0.0
+0.0
+0.0
+0.0
+0.0
+0.0
+0.0
+0.0
+0.0
+0.0
+0.0
+0.0
+0.0
+0.0
+0.0
+0.0
+0.0
+0.0
+0.0
+0.0
+0.0
+0.0
+0.0
+0.0
+0.0
+0.0
+0.0
+0.0
+0.0
+0.0
+0.0
+0.0
+0.0
+0.0
+0.0
+0.0
+0.0
+0.0
+0.0
+0.0
+0.0
+0.0
+0.0
+0.0
+0.0
+0.0
+0.0
+0.0
+0.0
+0.0
+0.0
+0.0
+0.0
+0.0
+0.0
+0.0
+0.0
+0.0
+0.0
+0.0
+0.0
+0.0
+0.0
+0.0
+0.0
+0.0
+0.0
+0.0
+0.0
+0.0
+0.0
+0.0
+0.0
+0.0
+0.0
+0.0
+0.0
+0.0
+0.0
+0.0
+0.0
+0.0
+0.0
+0.0
+0.0
+0.0
+0.0
+0.0
+0.0
+0.0
+0.0
