30
27
25
24
20
12
16
19
24
23
27
29
17
35
37
39
43
46
46
43
42
36
35
20
29
26
24
23
15
19
21
15
14
20
26
29
33
36
39
41
32
46
48
46
36
39
10
33
29
26
22
3
19
16
16
17
16
24
20
29
20
35
40
44
31
22
39
50
45
40
29
15
25
18
22
18
19
12
20
0
12
20
10
29
4
37
40
43
47
47
29
13
44
41
36
32
30
27
25
21
16
13
15
18
6
25
27
31
34
38
41
7
0
30
32
32
42
32
36
33
30
11
25
22
17
23
23
17
22
24
17
31
34
11
41
45
24
50
33
47
34
0
37
8
31
25
15
26
25
16
25
21
20
29
4
33
34
1
40
42
44
45
35
35
40
34
35
33
30
29
27
23
26
15
35
37
40
0
14
0
26
29
29
1
36
34
32
