0.70711
0
0.70711
0.68301
-0.18301
0.70711
0.61237
-0.35355
0.70711
0.5
-0.5
0.70711
0.35355
-0.61237
0.70711
0.18301
-0.68301
0.70711
4.3298e-17
-0.70711
0.70711
-0.18301
-0.68301
0.70711
-0.35355
-0.61237
0.70711
-0.5
-0.5
0.70711
-0.61237
-0.35355
0.70711
-0.68301
-0.18301
0.70711
-0.70711
-8.6596e-17
0.70711
-0.68301
0.18301
0.70711
-0.61237
0.35355
0.70711
-0.5
0.5
0.70711
-0.35355
0.61237
0.70711
-0.18301
0.68301
0.70711
4.3298e-17
0.70711
0.70711
0.18301
0.68301
0.70711
0.35355
0.61237
0.70711
0.5
0.5
0.70711
0.61237
0.35355
0.70711
0.68301
0.18301
0.70711
0.86603
0
0.5
0.83652
-0.22414
0.5
0.75
-0.43301
0.5
0.61237
-0.61237
0.5
0.43301
-0.75
0.5
0.22414
-0.83652
0.5
5.3029e-17
-0.86603
0.5
-0.22414
-0.83652
0.5
-0.43301
-0.75
0.5
-0.61237
-0.61237
0.5
-0.75
-0.43301
0.5
-0.83652
-0.22414
0.5
-0.86603
-1.0606e-16
0.5
-0.83652
0.22414
0.5
-0.75
0.43301
0.5
-0.61237
0.61237
0.5
-0.43301
0.75
0.5
-0.22414
0.83652
0.5
5.3029e-17
0.86603
0.5
0.22414
0.83652
0.5
0.43301
0.75
0.5
0.61237
0.61237
0.5
0.75
0.43301
0.5
0.83652
0.22414
0.5
0.96593
0
0.25882
0.93301
-0.25
0.25882
0.83652
-0.48296
0.25882
0.68301
-0.68301
0.25882
0.48296
-0.83652
0.25882
0.25
-0.93301
0.25882
5.9146e-17
-0.96593
0.25882
-0.25
-0.93301
0.25882
-0.48296
-0.83652
0.25882
-0.68301
-0.68301
0.25882
-0.83652
-0.48296
0.25882
-0.93301
-0.25
0.25882
-0.96593
-1.1829e-16
0.25882
-0.93301
0.25
0.25882
-0.83652
0.48296
0.25882
-0.68301
0.68301
0.25882
-0.48296
0.83652
0.25882
-0.25
0.93301
0.25882
5.9146e-17
0.96593
0.25882
0.25
0.93301
0.25882
0.48296
0.83652
0.25882
0.68301
0.68301
0.25882
0.83652
0.48296
0.25882
0.93301
0.25
0.25882
1
0
0
0.96593
-0.25882
0
0.86603
-0.5
0
0.70711
-0.70711
0
0.5
-0.86603
0
0.25882
-0.96593
0
6.1232e-17
-1
0
-0.25882
-0.96593
0
-0.5
-0.86603
0
-0.70711
-0.70711
0
-0.86603
-0.5
0
-0.96593
-0.25882
0
-1
-1.2246e-16
0
-0.96593
0.25882
0
-0.86603
0.5
0
-0.70711
0.70711
0
-0.5
0.86603
0
-0.25882
0.96593
0
6.1232e-17
1
0
0.25882
0.96593
0
0.5
0.86603
0
0.70711
0.70711
0
0.86603
0.5
0
0.96593
0.25882
0
0.96593
0
-0.25882
0.93301
-0.25
-0.25882
0.83652
-0.48296
-0.25882
0.68301
-0.68301
-0.25882
0.48296
-0.83652
-0.25882
0.25
-0.93301
-0.25882
5.9146e-17
-0.96593
-0.25882
-0.25
-0.93301
-0.25882
-0.48296
-0.83652
-0.25882
-0.68301
-0.68301
-0.25882
-0.83652
-0.48296
-0.25882
-0.93301
-0.25
-0.25882
-0.96593
-1.1829e-16
-0.25882
-0.93301
0.25
-0.25882
-0.83652
0.48296
-0.25882
-0.68301
0.68301
-0.25882
-0.48296
0.83652
-0.25882
-0.25
0.93301
-0.25882
5.9146e-17
0.96593
-0.25882
0.25
0.93301
-0.25882
0.48296
0.83652
-0.25882
0.68301
0.68301
-0.25882
0.83652
0.48296
-0.25882
0.93301
0.25
-0.25882
0.86603
0
-0.5
0.83652
-0.22414
-0.5
0.75
-0.43301
-0.5
0.61237
-0.61237
-0.5
0.43301
-0.75
-0.5
0.22414
-0.83652
-0.5
5.3029e-17
-0.86603
-0.5
-0.22414
-0.83652
-0.5
-0.43301
-0.75
-0.5
-0.61237
-0.61237
-0.5
-0.75
-0.43301
-0.5
-0.83652
-0.22414
-0.5
-0.86603
-1.0606e-16
-0.5
-0.83652
0.22414
-0.5
-0.75
0.43301
-0.5
-0.61237
0.61237
-0.5
-0.43301
0.75
-0.5
-0.22414
0.83652
-0.5
5.3029e-17
0.86603
-0.5
0.22414
0.83652
-0.5
0.43301
0.75
-0.5
0.61237
0.61237
-0.5
0.75
0.43301
-0.5
0.83652
0.22414
-0.5
0.70711
0
-0.70711
0.68301
-0.18301
-0.70711
0.61237
-0.35355
-0.70711
0.5
-0.5
-0.70711
0.35355
-0.61237
-0.70711
0.18301
-0.68301
-0.70711
4.3298e-17
-0.70711
-0.70711
-0.18301
-0.68301
-0.70711
-0.35355
-0.61237
-0.70711
-0.5
-0.5
-0.70711
-0.61237
-0.35355
-0.70711
-0.68301
-0.18301
-0.70711
-0.70711
-8.6596e-17
-0.70711
-0.68301
0.18301
-0.70711
-0.61237
0.35355
-0.70711
-0.5
0.5
-0.70711
-0.35355
0.61237
-0.70711
-0.18301
0.68301
-0.70711
4.3298e-17
0.70711
-0.70711
0.18301
0.68301
-0.70711
0.35355
0.61237
-0.70711
0.5
0.5
-0.70711
0.61237
0.35355
-0.70711
0.68301
0.18301
-0.70711
0.5
0
-0.86603
0.43301
-0.25
-0.86603
0.25
-0.43301
-0.86603
3.0616e-17
-0.5
-0.86603
-0.25
-0.43301
-0.86603
-0.43301
-0.25
-0.86603
-0.5
-6.1232e-17
-0.86603
-0.43301
0.25
-0.86603
-0.25
0.43301
-0.86603
3.0616e-17
0.5
-0.86603
0.25
0.43301
-0.86603
0.43301
0.25
-0.86603
0.25882
0
-0.96593
0.12941
-0.22414
-0.96593
-0.12941
-0.22414
-0.96593
-0.25882
-3.1696e-17
-0.96593
-0.12941
0.22414
-0.96593
0.12941
0.22414
-0.96593
6.1232e-17
0
-1
