2949,
5892,
8816,
11709,
14557,
17349,
20072,
22714,
25265,
27711,
27095,
26359,
25509,
24545,
23474,
22298,
21022,
19653,
18195,
16655,
15039,
13355,
11609,
9808,
7962,
6078,
4165,
2231,
284,
-1666,
-3611,
-5542,
-7449,
-9324,
-11159,
-12944,
-14671,
-16333,
-17920,
-19426,
-20843,
-22164,
-23383,
-24493,
-25490,
-26367,
-27120,
-27746,
-28240,
-28601,
-28825,
-28912,
-28860,
-28669,
-28340,
-27873,
-27272,
-26537,
-25672,
-24681,
-23569,
-22339,
-20999,
-19554,
-18011,
-16377,
-14660,
-12869,
-11012,
-9097,
-7135,
-5136,
-3108,
-1063,
990,
3040,
5077,
7090,
9069,
11004,
12885,
14701,
16444,
18104,
19672,
21139,
22499,
23743,
24864,
25857,
26715,
27434,
28009,
28438,
28716,
28843,
28816,
28637,
28304,
27820,
27186,
26406,
25483,
24422,
23227,
21906,
20464,
18910,
17251,
15496,
13654,
11736,
9751,
7711,
5625,
3507,
1367,
-783,
-2931,
-5064,
-7171,
-9240,
-11259,
-13216,
-15101,
-16903,
-18610,
-20213,
-21702,
-23069,
-24306,
-25404,
-26357,
-27160,
-27807,
-28293,
-28616,
-28773,
-28763,
-28585,
-28240,
-27728,
-27054,
-26220,
-25231,
-24091,
-22808,
-21388,
-19840,
-18172,
-16394,
-14516,
-12550,
-10506,
-8397,
-6235,
-4033,
-1806,
436,
2676,
4902,
7101,
9258,
11360,
13394,
15348,
17209,
18965,
20605,
22119,
23496,
24728,
25806,
26724,
27475,
28054,
28456,
28679,
28721,
28581,
28258,
27756,
27076,
26222,
25199,
24014,
22673,
21185,
19558,
17803,
15932,
13955,
11885,
9736,
7521,
5255,
2953,
629,
-1702,
-4023,
-6319,
-8576,
-10777,
-12909,
-14957,
-16906,
-18744,
-20458,
-22035,
-23466,
-24739,
-25846,
-26779,
-27531,
-28096,
-28469,
-28649,
-28633,
-28420,
-28011,
-27410,
-26618,
-25642,
-24487,
-23162,
-21674,
-20034,
-18252,
-16341,
-14314,
-12185,
-9968,
-7679,
-5334,
-2949,
-541,
1873,
4276,
6650,
8979,
11245,
13432,
15525,
17508,
19366,
21086,
22654,
24059,
25291,
26339,
27196,
27854,
28309,
28556,
28594,
28421,
28037,
27446,
26651,
25658,
24473,
23104,
21562,
19857,
18001,
16009,
13895,
11674,
9363,
6980,
4542,
2067,
-426,
-2917,
-5388,
-7820,
-10194,
-12492,
-14695,
-16786,
-18750,
-20570,
-22232,
-23723,
-25030,
-26143,
-27053,
-27752,
-28234,
-28494,
-28530,
-28342,
-27929,
-27295,
-26444,
-25382,
-24118,
-22660,
-21020,
-19211,
-17246,
-15142,
-12913,
-10579,
-8158,
-5668,
-3131,
-567,
2005,
4561,
7083,
9549,
11938,
14231,
16409,
18454,
20347,
22075,
23620,
24971,
26115,
27043,
27746,
28218,
28453,
28451,
28209,
27730,
27016,
26074,
24911,
23535,
21959,
20195,
18257,
16162,
13927,
11571,
9114,
6577,
3981,
1349,
-1296,
-3933,
-6537,
-9086,
-11559,
-13932,
-16185,
-18299,
-20253,
-22032,
-23617,
-24996,
-26156,
-27085,
-27775,
-28219,
-28412,
-28353,
-28040,
-27477,
-26668,
-25619,
-24339,
-22840,
-21133,
-19235,
-17161,
-14930,
-12562,
-10079,
-7501,
-4854,
-2160,
555,
3268,
5952,
8584,
11138,
13591,
15921,
18104,
20122,
21953,
23582,
24992,
26170,
27103,
27784,
28204,
28359,
28247,
27868,
27226,
26326,
25175,
23785,
22167,
20337,
18311,
16109,
13752,
11260,
8659,
5972,
3226,
447,
-2338,
-5103,
-7820,
-10463,
-13005,
-15423,
-17692,
-19789,
-21693,
-23386,
-24850,
-26070,
-27034,
-27731,
-28154,
-28299,
-28162,
-27745,
-27051,
-26086,
-24861,
-23385,
-21674,
-19744,
-17614,
-15305,
-12839,
-10243,
-7541,
-4760,
-1929,
923,
3768,
6576,
9318,
11968,
14496,
16877,
19085,
21098,
22895,
24456,
25765,
26807,
27572,
28049,
28235,
28126,
27722,
27028,
26050,
24797,
23283,
21521,
19532,
17334,
14952,
12409,
9733,
6951,
4093,
1190,
-1728,
-4629,
-7482,
-10257,
-12923,
-15451,
-17815,
-19987,
-21944,
-23664,
-25128,
-26320,
-27226,
-27834,
-28140,
-28137,
-27825,
-27207,
-26290,
-25083,
-23598,
-21851,
-19861,
-17649,
-15241,
-12661,
-9938,
-7103,
-4187,
-1222,
1758,
4721,
7632,
10459,
13170,
15734,
18122,
20305,
22260,
23963,
25394,
26536,
27376,
27904,
28112,
27998,
27563,
26810,
25747,
24387,
22744,
20837,
18687,
16319,
13760,
11039,
8187,
5238,
2226,
-813,
-3846,
-6834,
-9744,
-12541,
-15192,
-17665,
-19930,
-21960,
-23730,
-25219,
-26409,
-27284,
-27834,
-28051,
-27933,
-27478,
-26694,
-25587,
-24172,
-22464,
-20483,
-18253,
-15800,
-13154,
-10347,
-7412,
-4384,
-1302,
1799,
4879,
7901,
10828,
13623,
16252,
18681,
20882,
22825,
24486,
25844,
26882,
27585,
27945,
27956,
27617,
26933,
25909,
24560,
22902,
20953,
18740,
16288,
13628,
10795,
7823,
4750,
1614,
-1544,
-4683,
-7765,
-10749,
-13597,
-16272,
-18740,
-20967,
-22925,
-24589,
-25935,
-26946,
-27609,
-27913,
-27854,
-27433,
-26653,
-25525,
-24063,
-22284,
-20212,
-17874,
-15299,
-12521,
-9576,
-6504,
-3343,
-137,
3073,
6244,
9334,
12301,
15105,
17709,
20078,
22179,
23983,
25466,
26607,
27391,
27805,
27843,
27505,
26794,
25719,
24294,
22537,
20473,
18128,
15534,
12726,
9742,
6623,
3411,
150,
-3114,
-6337,
-9474,
-12482,
-15319,
-17944,
-20321,
-22417,
-24201,
-25649,
-26740,
-27456,
-27788,
-27731,
-27284,
-26453,
-25249,
-23687,
-21791,
-19585,
-17101,
-14372,
-11438,
-8340,
-5122,
-1829,
1492,
4794,
8028,
11149,
14112,
16873,
19392,
21633,
23563,
25154,
26380,
27225,
27675,
27723,
27367,
26613,
25469,
23953,
22085,
19892,
17407,
14664,
11704,
8571,
5309,
1967,
-1406,
-4759,
-8044,
-11210,
-14212,
-17003,
-19542,
-21791,
-23715,
-25284,
-26475,
-27270,
-27654,
-27623,
-27175,
-26317,
-25060,
-23424,
-21432,
-19114,
-16504,
-13641,
-10570,
-7335,
-3987,
-577,
2844,
6223,
9508,
12649,
15596,
18304,
20731,
22839,
24594,
25969,
26942,
27496,
27623,
27319,
26589,
25444,
23899,
21980,
19716,
17140,
14294,
11222,
7971,
4592,
1140,
-2332,
-5769,
-9116,
-12319,
-15329,
-18095,
-20574,
-22726,
-24515,
-25913,
-26896,
-27447,
-27558,
-27225,
-26453,
-25254,
-23647,
-21656,
-19314,
-16657,
-13729,
-10576,
-7249,
-3803,
-293,
3223,
6689,
10046,
13240,
16218,
18931,
21333,
23384,
25050,
26303,
27121,
27490,
27403,
26860,
25870,
24449,
22620,
20412,
17862,
15011,
11908,
8603,
5152,
1613,
-1954,
-5491,
-8936,
-12231,
-15321,
-18153,
-20678,
-22852,
-24638,
-26006,
-26930,
-27395,
-27391,
-26918,
-25984,
-24603,
-22798,
-20601,
-18047,
-15181,
-12052,
-8712,
-5221,
-1637,
1977,
5558,
9043,
12373,
15488,
18334,
20861,
23023,
24783,
26108,
26975,
27368,
27278,
26708,
25665,
24168,
22243,
19922,
17247,
14264,
11026,
7590,
4017,
372,
-3282,
-6879,
-10354,
-13645,
-16692,
-19440,
-21839,
-23845,
-25421,
-26538,
-27176,
-27321,
-26971,
-26131,
-24815,
-23046,
-20857,
-18286,
-15380,
-12191,
-8778,
-5202,
-1529,
2173,
5837,
9395,
12781,
15932,
18790,
21301,
23418,
25101,
26319,
27047,
27271,
26987,
26199,
24921,
23175,
20995,
18420,
15497,
12282,
8835,
5219,
1504,
-2242,
-5946,
-9539,
-12953,
-16122,
-18986,
-21490,
-23585,
-25231,
-26396,
-27056,
-27199,
-26820,
-25927,
-24535,
-22670,
-20368,
-17673,
-14635,
-11313,
-7771,
-4077,
-303,
3479,
7195,
10772,
14140,
17234,
19993,
22362,
24293,
25750,
26701,
27128,
27022,
26384,
25225,
23568,
21445,
18897,
15973,
12731,
9236,
5555,
1763,
-2066,
-5855,
-9529,
-13013,
-16239,
-19140,
-21658,
-23743,
-25351,
-26449,
-27014,
-27035,
-26509,
-25448,
-23870,
-21808,
-19303,
-16405,
-13172,
-9670,
-5969,
-2146,
1724,
5559,
9282,
12816,
16088,
19031,
21583,
23692,
25313,
26412,
26966,
26962,
26399,
25289,
23654,
21526,
18950,
15978,
12672,
9100,
5336,
1460,
-2449,
-6307,
-10034,
-13552,
-16786,
-19668,
-22135,
-24136,
-25628,
-26578,
-26965,
-26781,
-26027,
-24721,
-22887,
-20566,
-17805,
-14663,
-11206,
-7508,
-3649,
291,
4225,
8070,
11743,
15164,
18259,
20961,
23211,
24960,
26168,
26809,
26869,
26344,
25246,
23598,
21434,
18802,
15758,
12369,
8707,
4853,
891,
-3092,
-7008,
-10771,
-14298,
-17510,
-20337,
-22714,
-24590,
-25921,
-26677,
-26840,
-26407,
-25385,
-23798,
-21678,
-19074,
-16042,
-12650,
-8974,
-5094,
-1099,
2921,
6878,
10681,
14244,
17487,
20335,
22724,
24599,
25916,
26646,
26770,
26285,
25200,
23541,
21344,
18658,
15545,
12074,
8326,
4385,
342,
-3710,
-7678,
-11471,
-14999,
-18183,
-20946,
-23226,
-24968,
-26132,
-26688,
-26625,
-25941,
-24654,
-22790,
-20394,
-17520,
-14235,
-10616,
-6747,
-2718,
1376,
5438,
9375,
13091,
16499,
19519,
22078,
24115,
25581,
26441,
26673,
26271,
25243,
23614,
21420,
18715,
15561,
12035,
8218,
4204,
87,
-4033,
-8057,
-11888,
-15434,
-18609,
-21335,
-23546,
-25187,
-26219,
-26615,
-26365,
-25474,
-23963,
-21868,
-19239,
-16139,
-12644,
-8839,
-4816,
-674,
3485,
7561,
11451,
15061,
18301,
21091,
23360,
25053,
26127,
26553,
26322,
25437,
23920,
21807,
19151,
16017,
12483,
8635,
4571,
391,
-3800,
-7897,
-11797,
-15401,
-18619,
-21370,
-23582,
-25200,
-26182,
-26502,
-26151,
-25138,
-23487,
-21240,
-18451,
-15193,
-11547,
-7605,
-3469,
758,
4966,
9048,
12900,
16422,
19523,
22123,
24155,
25566,
26317,
26390,
25781,
24506,
22595,
20099,
17081,
13618,
9801,
5727,
1503,
-2761,
-6954,
-10966,
-14694,
-18037,
-20909,
-23233,
-24948,
-26008,
-26384,
-26065,
-25060,
-23392,
-21107,
-18263,
-14934,
-11210,
-7187,
-2972,
1323,
5584,
9697,
13553,
17049,
20090,
22594,
24495,
25741,
26297,
26147,
25294,
23761,
21589,
18834,
15570,
11885,
7878,
3657,
-665,
-4969,
-9140,
-13063,
-16633,
-19750,
-22331,
-24303,
-25613,
-26223,
-26116,
-25294,
-23779,
-21612,
-18850,
-15570,
-11861,
-7824,
-3570,
783,
5116,
9308,
13244,
16814,
19919,
22471,
24400,
25651,
26189,
25996,
25079,
23462,
21188,
18321,
14941,
11141,
7027,
2716,
-1674,
-6017,
-10192,
-14080,
-17572,
-20569,
-22985,
-24751,
-25816,
-26150,
-25741,
-24602,
-22762,
-20274,
-17208,
-13651,
-9702,
-5476,
-1092,
3324,
7646,
11750,
15517,
18839,
21621,
23780,
25254,
26000,
25996,
25240,
23753,
21579,
18778,
15432,
11637,
7502,
3149,
-1298,
-5707,
-9951,
-13906,
-17454,
-20493,
-22932,
-24699,
-25742,
-26028,
-25550,
-24319,
-22371,
-19763,
-16572,
-12890,
-8826,
-4499,
-39,
4424,
8756,
12830,
16522,
19724,
22338,
24287,
25511,
25973,
25658,
24575,
22755,
20252,
17141,
13514,
9479,
5159,
682,
-3817,
-8202,
-12339,
-16104,
-19382,
-22074,
-24097,
-25388,
-25908,
-25640,
-24591,
-22793,
-20299,
-17184,
-13544,
-9488,
-5141,
-636,
3890,
8297,
12451,
16222,
19494,
22166,
24155,
25399,
25858,
25517,
24386,
22499,
19914,
16709,
12985,
8856,
4451,
-95,
-4638,
-9037,
-13155,
-16862,
-20042,
-22594,
-24439,
-25516,
-25792,
-25257,
-23926,
-21841,
-19067,
-15691,
-11818,
-7570,
-3082,
1504,
6044,
10393,
14412,
17974,
20965,
23288,
24869,
25657,
25625,
24774,
23130,
20744,
17693,
14074,
10002,
5607,
1031,
-3579,
-8074,
-12310,
-16149,
-19467,
-22155,
-24127,
-25317,
-25685,
-25220,
-23935,
-21871,
-19095,
-15696,
-11784,
-7486,
-2943,
1696,
6282,
10662,
14693,
18243,
21194,
23449,
24932,
25595,
25413,
24393,
22566,
19994,
16759,
12968,
8747,
4235,
-418,
-5059,
-9532,
-13688,
-17389,
-20511,
-22948,
-24619,
-25467,
-25462,
-24604,
-22921,
-20468,
-17327,
-13602,
-9420,
-4919,
-251,
4425,
8954,
13180,
16961,
20168,
22692,
24447,
25372,
25434,
24632,
22991,
20566,
17439,
13716,
9524,
5006,
315,
-4387,
-8939,
-13186,
-16980,
-20191,
-22708,
-24443,
-25337,
-25356,
-24499,
-22796,
-20304,
-17109,
-13320,
-9069,
-4502,
222,
4939,
9485,
13701,
17441,
20572,
22985,
24596,
25346,
25209,
24188,
22319,
19665,
16321,
12402,
8045,
3405,
-1356,
-6070,
-10571,
-14698,
-18306,
-21267,
-23474,
-24848,
-25341,
-24933,
-23639,
-21502,
-18600,
-15033,
-10930,
-6435,
-1710,
3077,
7755,
12155,
16120,
19507,
22194,
24082,
25104,
25222,
24430,
22756,
20260,
17032,
13186,
8862,
4217,
-582,
-5361,
-9945,
-14169,
-17877,
-20935,
-23230,
-24677,
-25224,
-24848,
-23563,
-21415,
-18482,
-14871,
-10713,
-6161,
-1381,
3450,
8154,
12558,
16500,
19833,
22433,
24204,
25079,
25025,
24042,
22168,
19469,
16046,
12025,
7556,
2805,
-2052,
-6832,
-11358,
-15460,
-18984,
-21797,
-23793,
-24896,
-25064,
-24291,
-22603,
-20064,
-16768,
-12840,
-8427,
-3694,
1179,
6008,
10610,
14810,
18449,
21388,
23515,
24748,
25038,
24375,
22782,
20320,
17081,
13189,
8792,
4058,
-833,
-5692,
-10333,
-14578,
-18263,
-21246,
-23410,
-24673,
-24984,
-24331,
-22737,
-20264,
-17007,
-13090,
-8665,
-3903,
1010,
5885,
10532,
14770,
18432,
21376,
23486,
24680,
24908,
24163,
22471,
19898,
16545,
12542,
8046,
3233,
-1708,
-6582,
-11197,
-15372,
-18940,
-21760,
-23719,
-24741,
-24783,
-23842,
-21956,
-19197,
-15676,
-11530,
-6925,
-2044,
2919,
7766,
12304,
16350,
19743,
22346,
24055,
24799,
24548,
23311,
21137,
18113,
14359,
10026,
5289,
337,
-4628,
-9407,
-13806,
-17647,
-20773,
-23057,
-24405,
-24762,
-24113,
-22483,
-19937,
-16579,
-12544,
-7997,
-3122,
1880,
6806,
11454,
15633,
19171,
21923,
23775,
24649,
24510,
23361,
21249,
18261,
14519,
10176,
5413,
425,
-4581,
-9398,
-13825,
-17679,
-20799,
-23055,
-24351,
-24634,
-23890,
-22150,
-19485,
-16006,
-11858,
-7212,
-2265,
2778,
7705,
12309,
16396,
19794,
22360,
23985,
24599,
24176,
22732,
20328,
17065,
13079,
8539,
3637,
-1420,
-6417,
-11142,
-15393,
-18991,
-21780,
-23641,
-24494,
-24303,
-23073,
-20857,
-17748,
-13880,
-9416,
-4548,
515,
5556,
10360,
14718,
18443,
21373,
23383,
24383,
24331,
23228,
21120,
18097,
14291,
9864,
5009,
-63,
-5134,
-9981,
-14395,
-18181,
-21176,
-23247,
-24304,
-24299,
-23231,
-21147,
-18136,
-14331,
-9896,
-5027,
63,
5151,
10013,
14434,
18220,
21202,
23249,
24269,
24217,
23093,
20947,
17873,
14006,
9517,
4605,
-511,
-5605,
-10451,
-14831,
-18550,
-21442,
-23376,
-24267,
-24072,
-22800,
-20507,
-17295,
-13307,
-8721,
-3743,
1404,
6487,
11279,
15563,
19146,
21865,
23596,
24261,
23829,
22318,
19795,
16375,
12213,
7495,
2436,
-2734,
-7779,
-12471,
-16595,
-19962,
-22417,
-23849,
-24191,
-23426,
-21588,
-18761,
-15073,
-10693,
-5822,
-683,
4487,
9452,
13981,
17866,
20927,
23022,
24053,
23972,
22782,
20536,
17339,
13337,
8716,
3690,
-1508,
-6636,
-11456,
-15742,
-19294,
-21946,
-23573,
-24099,
-23498,
-21797,
-19075,
-15459,
-11117,
-6253,
-1095,
4114,
9130,
13717,
17657,
20765,
22894,
23941,
23857,
22644,
20359,
17111,
13050,
8371,
3294,
-1940,
-7082,
-11887,
-16126,
-19597,
-22134,
-23615,
-23967,
-23175,
-21273,
-18354,
-14555,
-10059,
-5079,
144,
5361,
10320,
14783,
18534,
21393,
23220,
23926,
23477,
21893,
19251,
15677,
11343,
6459,
1262,
-3997,
-9062,
-13686,
-17645,
-20745,
-22834,
-23810,
-23624,
-22285,
-19857,
-16457,
-12252,
-7447,
-2277,
3005,
8140,
12875,
16978,
20245,
22516,
23678,
23672,
22499,
20215,
16932,
12812,
8058,
2904,
-2393,
-7572,
-12375,
-16564,
-19930,
-22305,
-23570,
-23661,
-22572,
-20358,
-17128,
-13042,
-8304,
-3150,
2161,
7365,
12199,
16421,
19819,
22222,
23507,
23609,
22523,
20302,
17057,
12951,
8191,
3018,
-2309,
-7519,
-12348,
-16551,
-19916,
-22269,
-23492,
-23520,
-22352,
-20047,
-16720,
-12541,
-7723,
-2510,
2832,
8028,
12815,
16945,
20207,
22433,
23509,
23377,
22045,
19579,
16105,
11803,
6892,
1626,
-3724,
-8882,
-13582,
-17578,
-20666,
-22683,
-23525,
-23147,
-21567,
-18868,
-15188,
-10718,
-5691,
-367,
4977,
10060,
14619,
18414,
21247,
22969,
23488,
22778,
20873,
17873,
13936,
9266,
4110,
-1263,
-6570,
-11530,
-15883,
-19398,
-21889,
-23224,
-23331,
-22204,
-19902,
-16545,
-12311,
-7424,
-2143,
3252,
8474,
13245,
17311,
20455,
22509,
23361,
22967,
21346,
18583,
14826,
10276,
5175,
-203,
-5571,
-10639,
-15136,
-18819,
-21489,
-23003,
-23277,
-22297,
-20113,
-16844,
-12665,
-7801,
-2515,
2908,
8172,
12994,
17110,
20298,
22383,
23251,
22854,
21213,
18416,
14615,
10017,
4872,
-539,
-5921,
-10978,
-15435,
-19046,
-21613,
-22994,
-23113,
-21962,
-19604,
-16167,
-11841,
-6862,
-1505,
3935,
9158,
13874,
17824,
20788,
22601,
23162,
22439,
20471,
17367,
13299,
8491,
3211,
-2248,
-7581,
-12492,
-16706,
-19987,
-22152,
-23079,
-22715,
-21079,
-18264,
-14424,
-9776,
-4579,
875,
6280,
11331,
15745,
19272,
21713,
22929,
22851,
21484,
18902,
15251,
10738,
5616,
177,
-5273,
-10423,
-14981,
-18688,
-21332,
-22763,
-22897,
-21727,
-19319,
-15808,
-11395,
-6331,
-905,
4572,
9788,
14442,
18269,
21048,
22618,
22890,
21845,
19544,
16119,
11765,
6733,
1313,
-4182,
-9436,
-14145,
-18035,
-20882,
-22519,
-22851,
-21859,
-19598,
-16199,
-11859,
-6830,
-1404,
4104,
9373,
14095,
17995,
20844,
22475,
22793,
21777,
19486,
16055,
11682,
6625,
1178,
-4337,
-9597,
-14293,
-18147,
-20932,
-22484,
-22710,
-21597,
-19207,
-15684,
-11233,
-6117,
-640,
4875,
10101,
14727,
18479,
21133,
22531,
22589,
21302,
18746,
15074,
10502,
5304,
-211,
-5712,
-10872,
-15382,
-18970,
-21421,
-22588,
-22399,
-20866,
-18080,
-14206,
-9478,
-4180,
1369,
6836,
11890,
16227,
19583,
21756,
22612,
22101,
20251,
17174,
13056,
8146,
2742,
-2829,
-8227,
-13125,
-17223,
-20272,
-22085,
-22552,
-21641,
-19409,
-15991,
-11595,
-6490,
-988,
4575,
9857,
14533,
18317,
20976,
22345,
22339,
20959,
18287,
14488,
9796,
4499,
-1075,
-6582,
-11682,
-16059,
-19441,
-21619,
-22455,
-21899,
-19984,
-16827,
-12624,
-7636,
-2173,
3425,
8809,
13643,
17626,
20507,
22108,
22325,
21146,
18643,
14973,
10363,
5104,
-475,
-6024,
-11193,
-15659,
-19139,
-21413,
-22338,
-21854,
-19992,
-16867,
-12677,
-7685,
-2208,
3408,
8809,
13650,
17626,
20483,
22038,
22194,
20938,
18349,
14593,
9908,
4590,
-1019,
-6563,
-11688,
-16065,
-19414,
-21521,
-22249,
-21552,
-19473,
-16144,
-11780,
-6659,
-1110,
4510,
9839,
14534,
18292,
20870,
22101,
21905,
20293,
17370,
13323,
8414,
2960,
-2685,
-8156,
-13097,
-17187,
-20159,
-21821,
-22063,
-20868,
-18314,
-14566,
-9868,
-4526,
1111,
6675,
11801,
16155,
19451,
21472,
22085,
21249,
19019,
15538,
11037,
5811,
202,
-5420,
-10684,
-15243,
-18796,
-21107,
-22024,
-21485,
-19525,
-16273,
-11943,
-6822,
-1249,
4406,
9769,
14482,
18231,
20768,
21921,
21615,
19868,
16796,
12603,
7570,
2030,
-3644,
-9074,
-13896,
-17787,
-20485,
-21809,
-21670,
-20075,
-17131,
-13036,
-8064,
-2550,
3136,
8610,
13502,
17483,
20283,
21712,
21672,
20167,
17296,
13254,
8314,
2810,
-2884,
